(module PDR06380 (layer F.Cu) (tedit 5D059F05)
  (descr "DC- 40 GHz Flip Chip Resistive Divider")
  (attr smd)
  (fp_text reference REF** (at -4.445 -3.81) (layer F.SilkS)
    (effects (font (size 1 1) (thickness 0.15)))
  )
  (fp_text value PDR06380 (at -2.54 -2.54) (layer F.Fab)
    (effects (font (size 1 1) (thickness 0.15)))
  )
  (fp_line (start 0.006272 0.005289) (end -0.946228 0.005289) (layer F.Fab) (width 0.12))
  (fp_line (start 0.006272 0.005289) (end 0.958773 0.005289) (layer F.Fab) (width 0.12))
  (fp_line (start 0.006272 1.656289) (end 0.958773 0.005289) (layer F.Fab) (width 0.12))
  (fp_line (start -0.946228 0.005289) (end 0.006272 1.656289) (layer F.Fab) (width 0.12))
  (fp_poly (pts (xy 0.006272 1.656289) (xy -0.301259 1.131329) (xy 0.006699 0.953529) (xy 0.313078 1.128593)) (layer F.Cu) (width 0.1))
  (fp_poly (pts (xy 0.951524 0.010659) (xy 0.342761 0.011604) (xy 0.341181 0.364469) (xy 0.653136 0.537744)) (layer F.Cu) (width 0.1))
  (fp_poly (pts (xy -0.931611 0.014128) (xy -0.633161 0.531059) (xy -0.314204 0.346909) (xy -0.306274 0.0127)) (layer F.Cu) (width 0.1))
  (fp_line (start 0 1.7526) (end 0 1.9431) (layer F.SilkS) (width 0.12))
  (fp_line (start 1.0795 0) (end 1.3589 0) (layer F.SilkS) (width 0.15))
  (fp_line (start -1.0668 0) (end -1.3589 0) (layer F.SilkS) (width 0.15))
  (fp_poly (pts (xy -0.931611 0.014128) (xy -0.633161 0.531059) (xy -0.314204 0.346909) (xy -0.306274 0.0127)) (layer F.Mask) (width 0.1))
  (fp_poly (pts (xy 0.951524 0.010659) (xy 0.342761 0.011604) (xy 0.341181 0.364469) (xy 0.653136 0.537744)) (layer F.Mask) (width 0.1))
  (fp_poly (pts (xy 0.006272 1.656289) (xy -0.301259 1.131329) (xy 0.006699 0.953529) (xy 0.313078 1.128593)) (layer F.Mask) (width 0.1))
  (pad 1 smd rect (at 0.006273 0.056089 180) (size 0.127 0.23622) (layers F.Cu F.Paste F.Mask))
  (pad 2 smd rect (at 0.443267 0.807514 60) (size 0.127 0.23622) (layers F.Cu F.Paste F.Mask))
  (pad 3 smd rect (at -0.428715 0.808969 300) (size 0.127 0.23622) (layers F.Cu F.Paste F.Mask))
  (pad 4 smd rect (at -0.5715 0.2286) (size 0.127 0.23622) (layers F.Cu F.Paste F.Mask))
  (pad 4 smd rect (at 0.5461 0.2286) (size 0.127 0.23622) (layers F.Cu F.Paste F.Mask))
  (pad 4 smd rect (at 0 1.1811) (size 0.127 0.23622) (layers F.Cu F.Paste F.Mask))
)
