(kicad_pcb (version 20171130) (host pcbnew "(5.1.4-74-gcf968cb6b)")

  (general
    (thickness 1.6)
    (drawings 25)
    (tracks 323)
    (zones 0)
    (modules 52)
    (nets 29)
  )

  (page A4)
  (layers
    (0 F.Cu signal)
    (31 B.Cu signal)
    (32 B.Adhes user)
    (33 F.Adhes user)
    (34 B.Paste user)
    (35 F.Paste user)
    (36 B.SilkS user)
    (37 F.SilkS user)
    (38 B.Mask user)
    (39 F.Mask user)
    (40 Dwgs.User user)
    (41 Cmts.User user)
    (42 Eco1.User user)
    (43 Eco2.User user)
    (44 Edge.Cuts user)
    (45 Margin user)
    (46 B.CrtYd user)
    (47 F.CrtYd user)
    (48 B.Fab user)
    (49 F.Fab user)
  )

  (setup
    (last_trace_width 0.25)
    (user_trace_width 0.4)
    (trace_clearance 0.2)
    (zone_clearance 0.254)
    (zone_45_only no)
    (trace_min 0.2)
    (via_size 0.8)
    (via_drill 0.4)
    (via_min_size 0.4)
    (via_min_drill 0.3)
    (uvia_size 0.3)
    (uvia_drill 0.1)
    (uvias_allowed no)
    (uvia_min_size 0.2)
    (uvia_min_drill 0.1)
    (edge_width 0.05)
    (segment_width 0.2)
    (pcb_text_width 0.3)
    (pcb_text_size 1.5 1.5)
    (mod_edge_width 0.12)
    (mod_text_size 0.7 0.7)
    (mod_text_width 0.15)
    (pad_size 1.524 1.524)
    (pad_drill 0.762)
    (pad_to_mask_clearance 0.02)
    (solder_mask_min_width 0.25)
    (aux_axis_origin 0 0)
    (visible_elements FFFDFF7F)
    (pcbplotparams
      (layerselection 0x010fc_ffffffff)
      (usegerberextensions false)
      (usegerberattributes false)
      (usegerberadvancedattributes false)
      (creategerberjobfile false)
      (excludeedgelayer true)
      (linewidth 0.100000)
      (plotframeref false)
      (viasonmask false)
      (mode 1)
      (useauxorigin false)
      (hpglpennumber 1)
      (hpglpenspeed 20)
      (hpglpendiameter 15.000000)
      (psnegative false)
      (psa4output false)
      (plotreference true)
      (plotvalue true)
      (plotinvisibletext false)
      (padsonsilk false)
      (subtractmaskfromsilk false)
      (outputformat 1)
      (mirror false)
      (drillshape 1)
      (scaleselection 1)
      (outputdirectory ""))
  )

  (net 0 "")
  (net 1 +5VP)
  (net 2 GND)
  (net 3 /amp_vc/AMP_DIN)
  (net 4 /amp_vc/AMP_SCLK)
  (net 5 /amp_vc/AMP_~SYNC)
  (net 6 /amp_vc/AMP_~CLR)
  (net 7 /amp_vc/AMP_~LDAC)
  (net 8 -5V)
  (net 9 /amp_vc/DAC_VREF)
  (net 10 "Net-(C213-Pad2)")
  (net 11 "Net-(C213-Pad1)")
  (net 12 "Net-(C214-Pad2)")
  (net 13 "Net-(C214-Pad1)")
  (net 14 /amp_vc/VC_A_EN)
  (net 15 /amp_vc/VC_B_EN)
  (net 16 /amp_vc/AMP_VC_OUT_A)
  (net 17 /amp_vc/AMP_VC_OUT_B)
  (net 18 "Net-(R201-Pad1)")
  (net 19 "Net-(R202-Pad1)")
  (net 20 "Net-(R203-Pad1)")
  (net 21 "Net-(R204-Pad1)")
  (net 22 "Net-(R205-Pad1)")
  (net 23 /amp_vc/VOUTA)
  (net 24 "Net-(R207-Pad1)")
  (net 25 "Net-(R209-Pad1)")
  (net 26 /amp_vc/IN1)
  (net 27 /amp_vc/IN2)
  (net 28 /amp_vc/VOUTB)

  (net_class Default "This is the default net class."
    (clearance 0.2)
    (trace_width 0.25)
    (via_dia 0.8)
    (via_drill 0.4)
    (uvia_dia 0.3)
    (uvia_drill 0.1)
    (add_net +5VP)
    (add_net -5V)
    (add_net /amp_vc/AMP_DIN)
    (add_net /amp_vc/AMP_SCLK)
    (add_net /amp_vc/AMP_VC_OUT_A)
    (add_net /amp_vc/AMP_VC_OUT_B)
    (add_net /amp_vc/AMP_~CLR)
    (add_net /amp_vc/AMP_~LDAC)
    (add_net /amp_vc/AMP_~SYNC)
    (add_net /amp_vc/DAC_VREF)
    (add_net /amp_vc/IN1)
    (add_net /amp_vc/IN2)
    (add_net /amp_vc/VC_A_EN)
    (add_net /amp_vc/VC_B_EN)
    (add_net /amp_vc/VOUTA)
    (add_net /amp_vc/VOUTB)
    (add_net GND)
    (add_net "Net-(C213-Pad1)")
    (add_net "Net-(C213-Pad2)")
    (add_net "Net-(C214-Pad1)")
    (add_net "Net-(C214-Pad2)")
    (add_net "Net-(R201-Pad1)")
    (add_net "Net-(R202-Pad1)")
    (add_net "Net-(R203-Pad1)")
    (add_net "Net-(R204-Pad1)")
    (add_net "Net-(R205-Pad1)")
    (add_net "Net-(R207-Pad1)")
    (add_net "Net-(R209-Pad1)")
  )

  (module vna_footprints:TURRET_MILLMAX_2101 (layer F.Cu) (tedit 5D75DD65) (tstamp 5D621BF0)
    (at 143 102)
    (path /5D62C7DB)
    (fp_text reference J103 (at -2.5 3.5 90) (layer F.SilkS)
      (effects (font (size 0.7 0.7) (thickness 0.15)))
    )
    (fp_text value Conn_01x01 (at 0 -3.3) (layer F.Fab)
      (effects (font (size 1 1) (thickness 0.15)))
    )
    (pad 1 thru_hole circle (at 0 0) (size 2 2) (drill 1.4) (layers *.Cu *.Mask)
      (net 1 +5VP))
  )

  (module Capacitors_SMD:C_0603 (layer F.Cu) (tedit 5415D631) (tstamp 5D621ADB)
    (at 137.5 102.75 270)
    (descr "Capacitor SMD 0603, reflow soldering, AVX (see smccp.pdf)")
    (tags "capacitor 0603")
    (path /5D62F5FF)
    (attr smd)
    (fp_text reference C101 (at 0 1.5 90) (layer F.SilkS)
      (effects (font (size 0.7 0.7) (thickness 0.15)))
    )
    (fp_text value "2.2 uF" (at 0 1.9 90) (layer F.Fab)
      (effects (font (size 1 1) (thickness 0.15)))
    )
    (fp_line (start -1.45 -0.75) (end 1.45 -0.75) (layer F.CrtYd) (width 0.05))
    (fp_line (start -1.45 0.75) (end 1.45 0.75) (layer F.CrtYd) (width 0.05))
    (fp_line (start -1.45 -0.75) (end -1.45 0.75) (layer F.CrtYd) (width 0.05))
    (fp_line (start 1.45 -0.75) (end 1.45 0.75) (layer F.CrtYd) (width 0.05))
    (fp_line (start -0.35 -0.6) (end 0.35 -0.6) (layer F.SilkS) (width 0.15))
    (fp_line (start 0.35 0.6) (end -0.35 0.6) (layer F.SilkS) (width 0.15))
    (pad 1 smd rect (at -0.75 0 270) (size 0.8 0.75) (layers F.Cu F.Paste F.Mask)
      (net 1 +5VP))
    (pad 2 smd rect (at 0.75 0 270) (size 0.8 0.75) (layers F.Cu F.Paste F.Mask)
      (net 2 GND))
    (model Capacitors_SMD.3dshapes/C_0603.wrl
      (at (xyz 0 0 0))
      (scale (xyz 1 1 1))
      (rotate (xyz 0 0 0))
    )
  )

  (module Capacitors_SMD:C_0402 (layer F.Cu) (tedit 5415D599) (tstamp 5D625261)
    (at 139 102.55 270)
    (descr "Capacitor SMD 0402, reflow soldering, AVX (see smccp.pdf)")
    (tags "capacitor 0402")
    (path /5D62F18F)
    (attr smd)
    (fp_text reference C102 (at 0 -1.5 90) (layer F.SilkS)
      (effects (font (size 0.7 0.7) (thickness 0.15)))
    )
    (fp_text value "100 nF" (at 0 1.7 90) (layer F.Fab)
      (effects (font (size 1 1) (thickness 0.15)))
    )
    (fp_line (start -0.25 0.475) (end 0.25 0.475) (layer F.SilkS) (width 0.15))
    (fp_line (start 0.25 -0.475) (end -0.25 -0.475) (layer F.SilkS) (width 0.15))
    (fp_line (start 1.15 -0.6) (end 1.15 0.6) (layer F.CrtYd) (width 0.05))
    (fp_line (start -1.15 -0.6) (end -1.15 0.6) (layer F.CrtYd) (width 0.05))
    (fp_line (start -1.15 0.6) (end 1.15 0.6) (layer F.CrtYd) (width 0.05))
    (fp_line (start -1.15 -0.6) (end 1.15 -0.6) (layer F.CrtYd) (width 0.05))
    (pad 2 smd rect (at 0.55 0 270) (size 0.6 0.5) (layers F.Cu F.Paste F.Mask)
      (net 2 GND))
    (pad 1 smd rect (at -0.55 0 270) (size 0.6 0.5) (layers F.Cu F.Paste F.Mask)
      (net 1 +5VP))
    (model Capacitors_SMD.3dshapes/C_0402.wrl
      (at (xyz 0 0 0))
      (scale (xyz 1 1 1))
      (rotate (xyz 0 0 0))
    )
  )

  (module Capacitors_SMD:C_0402 (layer F.Cu) (tedit 5415D599) (tstamp 5D624E5E)
    (at 132.5 116 90)
    (descr "Capacitor SMD 0402, reflow soldering, AVX (see smccp.pdf)")
    (tags "capacitor 0402")
    (path /5D61FE93/5D8FD6A1)
    (attr smd)
    (fp_text reference C201 (at -2.5 0 180) (layer F.SilkS)
      (effects (font (size 0.7 0.7) (thickness 0.15)))
    )
    (fp_text value "100 pF" (at 0 1.7 90) (layer F.Fab)
      (effects (font (size 1 1) (thickness 0.15)))
    )
    (fp_line (start -1.15 -0.6) (end 1.15 -0.6) (layer F.CrtYd) (width 0.05))
    (fp_line (start -1.15 0.6) (end 1.15 0.6) (layer F.CrtYd) (width 0.05))
    (fp_line (start -1.15 -0.6) (end -1.15 0.6) (layer F.CrtYd) (width 0.05))
    (fp_line (start 1.15 -0.6) (end 1.15 0.6) (layer F.CrtYd) (width 0.05))
    (fp_line (start 0.25 -0.475) (end -0.25 -0.475) (layer F.SilkS) (width 0.15))
    (fp_line (start -0.25 0.475) (end 0.25 0.475) (layer F.SilkS) (width 0.15))
    (pad 1 smd rect (at -0.55 0 90) (size 0.6 0.5) (layers F.Cu F.Paste F.Mask)
      (net 2 GND))
    (pad 2 smd rect (at 0.55 0 90) (size 0.6 0.5) (layers F.Cu F.Paste F.Mask)
      (net 3 /amp_vc/AMP_DIN))
    (model Capacitors_SMD.3dshapes/C_0402.wrl
      (at (xyz 0 0 0))
      (scale (xyz 1 1 1))
      (rotate (xyz 0 0 0))
    )
  )

  (module Capacitors_SMD:C_0402 (layer F.Cu) (tedit 5415D599) (tstamp 5D624E7F)
    (at 132.5 113.5 90)
    (descr "Capacitor SMD 0402, reflow soldering, AVX (see smccp.pdf)")
    (tags "capacitor 0402")
    (path /5D61FE93/5D8FD31B)
    (attr smd)
    (fp_text reference C202 (at 1.75 2.75 180) (layer F.SilkS)
      (effects (font (size 0.7 0.7) (thickness 0.15)))
    )
    (fp_text value "100 pF" (at 0 1.7 90) (layer F.Fab)
      (effects (font (size 1 1) (thickness 0.15)))
    )
    (fp_line (start -0.25 0.475) (end 0.25 0.475) (layer F.SilkS) (width 0.15))
    (fp_line (start 0.25 -0.475) (end -0.25 -0.475) (layer F.SilkS) (width 0.15))
    (fp_line (start 1.15 -0.6) (end 1.15 0.6) (layer F.CrtYd) (width 0.05))
    (fp_line (start -1.15 -0.6) (end -1.15 0.6) (layer F.CrtYd) (width 0.05))
    (fp_line (start -1.15 0.6) (end 1.15 0.6) (layer F.CrtYd) (width 0.05))
    (fp_line (start -1.15 -0.6) (end 1.15 -0.6) (layer F.CrtYd) (width 0.05))
    (pad 2 smd rect (at 0.55 0 90) (size 0.6 0.5) (layers F.Cu F.Paste F.Mask)
      (net 4 /amp_vc/AMP_SCLK))
    (pad 1 smd rect (at -0.55 0 90) (size 0.6 0.5) (layers F.Cu F.Paste F.Mask)
      (net 2 GND))
    (model Capacitors_SMD.3dshapes/C_0402.wrl
      (at (xyz 0 0 0))
      (scale (xyz 1 1 1))
      (rotate (xyz 0 0 0))
    )
  )

  (module Capacitors_SMD:C_0402 (layer F.Cu) (tedit 5415D599) (tstamp 5D6227B9)
    (at 132.5 110.95 90)
    (descr "Capacitor SMD 0402, reflow soldering, AVX (see smccp.pdf)")
    (tags "capacitor 0402")
    (path /5D61FE93/5D8FCF96)
    (attr smd)
    (fp_text reference C203 (at 1.7 2.75 180) (layer F.SilkS)
      (effects (font (size 0.7 0.7) (thickness 0.15)))
    )
    (fp_text value "100 pF" (at 0 1.7 90) (layer F.Fab)
      (effects (font (size 1 1) (thickness 0.15)))
    )
    (fp_line (start -1.15 -0.6) (end 1.15 -0.6) (layer F.CrtYd) (width 0.05))
    (fp_line (start -1.15 0.6) (end 1.15 0.6) (layer F.CrtYd) (width 0.05))
    (fp_line (start -1.15 -0.6) (end -1.15 0.6) (layer F.CrtYd) (width 0.05))
    (fp_line (start 1.15 -0.6) (end 1.15 0.6) (layer F.CrtYd) (width 0.05))
    (fp_line (start 0.25 -0.475) (end -0.25 -0.475) (layer F.SilkS) (width 0.15))
    (fp_line (start -0.25 0.475) (end 0.25 0.475) (layer F.SilkS) (width 0.15))
    (pad 1 smd rect (at -0.55 0 90) (size 0.6 0.5) (layers F.Cu F.Paste F.Mask)
      (net 2 GND))
    (pad 2 smd rect (at 0.55 0 90) (size 0.6 0.5) (layers F.Cu F.Paste F.Mask)
      (net 5 /amp_vc/AMP_~SYNC))
    (model Capacitors_SMD.3dshapes/C_0402.wrl
      (at (xyz 0 0 0))
      (scale (xyz 1 1 1))
      (rotate (xyz 0 0 0))
    )
  )

  (module Capacitors_SMD:C_0402 (layer F.Cu) (tedit 5415D599) (tstamp 5D622AF2)
    (at 132.5 108.55 90)
    (descr "Capacitor SMD 0402, reflow soldering, AVX (see smccp.pdf)")
    (tags "capacitor 0402")
    (path /5D61FE93/5D5BFA71)
    (attr smd)
    (fp_text reference C204 (at 1.8 2.75 180) (layer F.SilkS)
      (effects (font (size 0.7 0.7) (thickness 0.15)))
    )
    (fp_text value "100 pF" (at 0 1.7 90) (layer F.Fab)
      (effects (font (size 1 1) (thickness 0.15)))
    )
    (fp_line (start -0.25 0.475) (end 0.25 0.475) (layer F.SilkS) (width 0.15))
    (fp_line (start 0.25 -0.475) (end -0.25 -0.475) (layer F.SilkS) (width 0.15))
    (fp_line (start 1.15 -0.6) (end 1.15 0.6) (layer F.CrtYd) (width 0.05))
    (fp_line (start -1.15 -0.6) (end -1.15 0.6) (layer F.CrtYd) (width 0.05))
    (fp_line (start -1.15 0.6) (end 1.15 0.6) (layer F.CrtYd) (width 0.05))
    (fp_line (start -1.15 -0.6) (end 1.15 -0.6) (layer F.CrtYd) (width 0.05))
    (pad 2 smd rect (at 0.55 0 90) (size 0.6 0.5) (layers F.Cu F.Paste F.Mask)
      (net 6 /amp_vc/AMP_~CLR))
    (pad 1 smd rect (at -0.55 0 90) (size 0.6 0.5) (layers F.Cu F.Paste F.Mask)
      (net 2 GND))
    (model Capacitors_SMD.3dshapes/C_0402.wrl
      (at (xyz 0 0 0))
      (scale (xyz 1 1 1))
      (rotate (xyz 0 0 0))
    )
  )

  (module Capacitors_SMD:C_0402 (layer F.Cu) (tedit 5415D599) (tstamp 5D622B13)
    (at 132.5 106 90)
    (descr "Capacitor SMD 0402, reflow soldering, AVX (see smccp.pdf)")
    (tags "capacitor 0402")
    (path /5D61FE93/5D5BFA87)
    (attr smd)
    (fp_text reference C205 (at 2.75 0 270) (layer F.SilkS)
      (effects (font (size 0.7 0.7) (thickness 0.15)))
    )
    (fp_text value "100 pF" (at 0 1.7 90) (layer F.Fab)
      (effects (font (size 1 1) (thickness 0.15)))
    )
    (fp_line (start -1.15 -0.6) (end 1.15 -0.6) (layer F.CrtYd) (width 0.05))
    (fp_line (start -1.15 0.6) (end 1.15 0.6) (layer F.CrtYd) (width 0.05))
    (fp_line (start -1.15 -0.6) (end -1.15 0.6) (layer F.CrtYd) (width 0.05))
    (fp_line (start 1.15 -0.6) (end 1.15 0.6) (layer F.CrtYd) (width 0.05))
    (fp_line (start 0.25 -0.475) (end -0.25 -0.475) (layer F.SilkS) (width 0.15))
    (fp_line (start -0.25 0.475) (end 0.25 0.475) (layer F.SilkS) (width 0.15))
    (pad 1 smd rect (at -0.55 0 90) (size 0.6 0.5) (layers F.Cu F.Paste F.Mask)
      (net 2 GND))
    (pad 2 smd rect (at 0.55 0 90) (size 0.6 0.5) (layers F.Cu F.Paste F.Mask)
      (net 7 /amp_vc/AMP_~LDAC))
    (model Capacitors_SMD.3dshapes/C_0402.wrl
      (at (xyz 0 0 0))
      (scale (xyz 1 1 1))
      (rotate (xyz 0 0 0))
    )
  )

  (module Capacitors_SMD:C_0402 (layer F.Cu) (tedit 5415D599) (tstamp 5D6227FB)
    (at 137.5 116.55 90)
    (descr "Capacitor SMD 0402, reflow soldering, AVX (see smccp.pdf)")
    (tags "capacitor 0402")
    (path /5D61FE93/5D905787)
    (attr smd)
    (fp_text reference C206 (at -3.45 0 90) (layer F.SilkS)
      (effects (font (size 0.7 0.7) (thickness 0.15)))
    )
    (fp_text value "100 nF" (at 0 1.7 90) (layer F.Fab)
      (effects (font (size 1 1) (thickness 0.15)))
    )
    (fp_line (start -0.25 0.475) (end 0.25 0.475) (layer F.SilkS) (width 0.15))
    (fp_line (start 0.25 -0.475) (end -0.25 -0.475) (layer F.SilkS) (width 0.15))
    (fp_line (start 1.15 -0.6) (end 1.15 0.6) (layer F.CrtYd) (width 0.05))
    (fp_line (start -1.15 -0.6) (end -1.15 0.6) (layer F.CrtYd) (width 0.05))
    (fp_line (start -1.15 0.6) (end 1.15 0.6) (layer F.CrtYd) (width 0.05))
    (fp_line (start -1.15 -0.6) (end 1.15 -0.6) (layer F.CrtYd) (width 0.05))
    (pad 2 smd rect (at 0.55 0 90) (size 0.6 0.5) (layers F.Cu F.Paste F.Mask)
      (net 1 +5VP))
    (pad 1 smd rect (at -0.55 0 90) (size 0.6 0.5) (layers F.Cu F.Paste F.Mask)
      (net 2 GND))
    (model Capacitors_SMD.3dshapes/C_0402.wrl
      (at (xyz 0 0 0))
      (scale (xyz 1 1 1))
      (rotate (xyz 0 0 0))
    )
  )

  (module Capacitors_SMD:C_0402 (layer F.Cu) (tedit 5415D599) (tstamp 5D6254C4)
    (at 139 116.55 90)
    (descr "Capacitor SMD 0402, reflow soldering, AVX (see smccp.pdf)")
    (tags "capacitor 0402")
    (path /5D61FE93/5D900D09)
    (attr smd)
    (fp_text reference C207 (at -3.45 0 90) (layer F.SilkS)
      (effects (font (size 0.7 0.7) (thickness 0.15)))
    )
    (fp_text value "100 pF" (at 0 1.7 90) (layer F.Fab)
      (effects (font (size 1 1) (thickness 0.15)))
    )
    (fp_line (start -1.15 -0.6) (end 1.15 -0.6) (layer F.CrtYd) (width 0.05))
    (fp_line (start -1.15 0.6) (end 1.15 0.6) (layer F.CrtYd) (width 0.05))
    (fp_line (start -1.15 -0.6) (end -1.15 0.6) (layer F.CrtYd) (width 0.05))
    (fp_line (start 1.15 -0.6) (end 1.15 0.6) (layer F.CrtYd) (width 0.05))
    (fp_line (start 0.25 -0.475) (end -0.25 -0.475) (layer F.SilkS) (width 0.15))
    (fp_line (start -0.25 0.475) (end 0.25 0.475) (layer F.SilkS) (width 0.15))
    (pad 1 smd rect (at -0.55 0 90) (size 0.6 0.5) (layers F.Cu F.Paste F.Mask)
      (net 2 GND))
    (pad 2 smd rect (at 0.55 0 90) (size 0.6 0.5) (layers F.Cu F.Paste F.Mask)
      (net 1 +5VP))
    (model Capacitors_SMD.3dshapes/C_0402.wrl
      (at (xyz 0 0 0))
      (scale (xyz 1 1 1))
      (rotate (xyz 0 0 0))
    )
  )

  (module Capacitors_SMD:C_0402 (layer F.Cu) (tedit 5415D599) (tstamp 5D6228E2)
    (at 149.75 109.25 270)
    (descr "Capacitor SMD 0402, reflow soldering, AVX (see smccp.pdf)")
    (tags "capacitor 0402")
    (path /5D61FE93/5D90B50A)
    (attr smd)
    (fp_text reference C208 (at 2.75 0 90) (layer F.SilkS)
      (effects (font (size 0.7 0.7) (thickness 0.15)))
    )
    (fp_text value "100 pF" (at 0 1.7 90) (layer F.Fab)
      (effects (font (size 1 1) (thickness 0.15)))
    )
    (fp_line (start -1.15 -0.6) (end 1.15 -0.6) (layer F.CrtYd) (width 0.05))
    (fp_line (start -1.15 0.6) (end 1.15 0.6) (layer F.CrtYd) (width 0.05))
    (fp_line (start -1.15 -0.6) (end -1.15 0.6) (layer F.CrtYd) (width 0.05))
    (fp_line (start 1.15 -0.6) (end 1.15 0.6) (layer F.CrtYd) (width 0.05))
    (fp_line (start 0.25 -0.475) (end -0.25 -0.475) (layer F.SilkS) (width 0.15))
    (fp_line (start -0.25 0.475) (end 0.25 0.475) (layer F.SilkS) (width 0.15))
    (pad 1 smd rect (at -0.55 0 270) (size 0.6 0.5) (layers F.Cu F.Paste F.Mask)
      (net 2 GND))
    (pad 2 smd rect (at 0.55 0 270) (size 0.6 0.5) (layers F.Cu F.Paste F.Mask)
      (net 1 +5VP))
    (model Capacitors_SMD.3dshapes/C_0402.wrl
      (at (xyz 0 0 0))
      (scale (xyz 1 1 1))
      (rotate (xyz 0 0 0))
    )
  )

  (module Capacitors_SMD:C_0402 (layer F.Cu) (tedit 5415D599) (tstamp 5D623484)
    (at 156 116 180)
    (descr "Capacitor SMD 0402, reflow soldering, AVX (see smccp.pdf)")
    (tags "capacitor 0402")
    (path /5D61FE93/5D92552C)
    (attr smd)
    (fp_text reference C209 (at -1 2.25 90) (layer F.SilkS)
      (effects (font (size 0.7 0.7) (thickness 0.15)))
    )
    (fp_text value "100 pF" (at 0 1.7) (layer F.Fab)
      (effects (font (size 1 1) (thickness 0.15)))
    )
    (fp_line (start -1.15 -0.6) (end 1.15 -0.6) (layer F.CrtYd) (width 0.05))
    (fp_line (start -1.15 0.6) (end 1.15 0.6) (layer F.CrtYd) (width 0.05))
    (fp_line (start -1.15 -0.6) (end -1.15 0.6) (layer F.CrtYd) (width 0.05))
    (fp_line (start 1.15 -0.6) (end 1.15 0.6) (layer F.CrtYd) (width 0.05))
    (fp_line (start 0.25 -0.475) (end -0.25 -0.475) (layer F.SilkS) (width 0.15))
    (fp_line (start -0.25 0.475) (end 0.25 0.475) (layer F.SilkS) (width 0.15))
    (pad 1 smd rect (at -0.55 0 180) (size 0.6 0.5) (layers F.Cu F.Paste F.Mask)
      (net 2 GND))
    (pad 2 smd rect (at 0.55 0 180) (size 0.6 0.5) (layers F.Cu F.Paste F.Mask)
      (net 8 -5V))
    (model Capacitors_SMD.3dshapes/C_0402.wrl
      (at (xyz 0 0 0))
      (scale (xyz 1 1 1))
      (rotate (xyz 0 0 0))
    )
  )

  (module Capacitors_SMD:C_0402 (layer F.Cu) (tedit 5415D599) (tstamp 5D6227DA)
    (at 148.25 109.25 270)
    (descr "Capacitor SMD 0402, reflow soldering, AVX (see smccp.pdf)")
    (tags "capacitor 0402")
    (path /5D61FE93/5D90AF25)
    (attr smd)
    (fp_text reference C210 (at 2.75 -0.25 90) (layer F.SilkS)
      (effects (font (size 0.7 0.7) (thickness 0.15)))
    )
    (fp_text value "100 nF" (at 0 1.7 90) (layer F.Fab)
      (effects (font (size 1 1) (thickness 0.15)))
    )
    (fp_line (start -1.15 -0.6) (end 1.15 -0.6) (layer F.CrtYd) (width 0.05))
    (fp_line (start -1.15 0.6) (end 1.15 0.6) (layer F.CrtYd) (width 0.05))
    (fp_line (start -1.15 -0.6) (end -1.15 0.6) (layer F.CrtYd) (width 0.05))
    (fp_line (start 1.15 -0.6) (end 1.15 0.6) (layer F.CrtYd) (width 0.05))
    (fp_line (start 0.25 -0.475) (end -0.25 -0.475) (layer F.SilkS) (width 0.15))
    (fp_line (start -0.25 0.475) (end 0.25 0.475) (layer F.SilkS) (width 0.15))
    (pad 1 smd rect (at -0.55 0 270) (size 0.6 0.5) (layers F.Cu F.Paste F.Mask)
      (net 2 GND))
    (pad 2 smd rect (at 0.55 0 270) (size 0.6 0.5) (layers F.Cu F.Paste F.Mask)
      (net 1 +5VP))
    (model Capacitors_SMD.3dshapes/C_0402.wrl
      (at (xyz 0 0 0))
      (scale (xyz 1 1 1))
      (rotate (xyz 0 0 0))
    )
  )

  (module Capacitors_SMD:C_0402 (layer F.Cu) (tedit 5415D599) (tstamp 5D62283D)
    (at 156 117.5 180)
    (descr "Capacitor SMD 0402, reflow soldering, AVX (see smccp.pdf)")
    (tags "capacitor 0402")
    (path /5D61FE93/5D9245E1)
    (attr smd)
    (fp_text reference C211 (at 0 -1.25) (layer F.SilkS)
      (effects (font (size 0.7 0.7) (thickness 0.15)))
    )
    (fp_text value "100 nF" (at 0 1.7) (layer F.Fab)
      (effects (font (size 1 1) (thickness 0.15)))
    )
    (fp_line (start -0.25 0.475) (end 0.25 0.475) (layer F.SilkS) (width 0.15))
    (fp_line (start 0.25 -0.475) (end -0.25 -0.475) (layer F.SilkS) (width 0.15))
    (fp_line (start 1.15 -0.6) (end 1.15 0.6) (layer F.CrtYd) (width 0.05))
    (fp_line (start -1.15 -0.6) (end -1.15 0.6) (layer F.CrtYd) (width 0.05))
    (fp_line (start -1.15 0.6) (end 1.15 0.6) (layer F.CrtYd) (width 0.05))
    (fp_line (start -1.15 -0.6) (end 1.15 -0.6) (layer F.CrtYd) (width 0.05))
    (pad 2 smd rect (at 0.55 0 180) (size 0.6 0.5) (layers F.Cu F.Paste F.Mask)
      (net 8 -5V))
    (pad 1 smd rect (at -0.55 0 180) (size 0.6 0.5) (layers F.Cu F.Paste F.Mask)
      (net 2 GND))
    (model Capacitors_SMD.3dshapes/C_0402.wrl
      (at (xyz 0 0 0))
      (scale (xyz 1 1 1))
      (rotate (xyz 0 0 0))
    )
  )

  (module Capacitors_SMD:C_0402 (layer F.Cu) (tedit 5415D599) (tstamp 5D622A8F)
    (at 139.5 114.5 180)
    (descr "Capacitor SMD 0402, reflow soldering, AVX (see smccp.pdf)")
    (tags "capacitor 0402")
    (path /5D61FE93/5D603C1A)
    (attr smd)
    (fp_text reference C212 (at 2 1 90) (layer F.SilkS)
      (effects (font (size 0.7 0.7) (thickness 0.15)))
    )
    (fp_text value "100 pF" (at 0 1.7) (layer F.Fab)
      (effects (font (size 1 1) (thickness 0.15)))
    )
    (fp_line (start -1.15 -0.6) (end 1.15 -0.6) (layer F.CrtYd) (width 0.05))
    (fp_line (start -1.15 0.6) (end 1.15 0.6) (layer F.CrtYd) (width 0.05))
    (fp_line (start -1.15 -0.6) (end -1.15 0.6) (layer F.CrtYd) (width 0.05))
    (fp_line (start 1.15 -0.6) (end 1.15 0.6) (layer F.CrtYd) (width 0.05))
    (fp_line (start 0.25 -0.475) (end -0.25 -0.475) (layer F.SilkS) (width 0.15))
    (fp_line (start -0.25 0.475) (end 0.25 0.475) (layer F.SilkS) (width 0.15))
    (pad 1 smd rect (at -0.55 0 180) (size 0.6 0.5) (layers F.Cu F.Paste F.Mask)
      (net 2 GND))
    (pad 2 smd rect (at 0.55 0 180) (size 0.6 0.5) (layers F.Cu F.Paste F.Mask)
      (net 9 /amp_vc/DAC_VREF))
    (model Capacitors_SMD.3dshapes/C_0402.wrl
      (at (xyz 0 0 0))
      (scale (xyz 1 1 1))
      (rotate (xyz 0 0 0))
    )
  )

  (module Capacitors_SMD:C_0402 (layer F.Cu) (tedit 5415D599) (tstamp 5D6228C1)
    (at 147 115 90)
    (descr "Capacitor SMD 0402, reflow soldering, AVX (see smccp.pdf)")
    (tags "capacitor 0402")
    (path /5D61FE93/5D5E6DF6)
    (attr smd)
    (fp_text reference C213 (at -2.75 0 90) (layer F.SilkS)
      (effects (font (size 0.7 0.7) (thickness 0.15)))
    )
    (fp_text value "10 pF" (at 0 1.7 90) (layer F.Fab)
      (effects (font (size 1 1) (thickness 0.15)))
    )
    (fp_line (start -0.25 0.475) (end 0.25 0.475) (layer F.SilkS) (width 0.15))
    (fp_line (start 0.25 -0.475) (end -0.25 -0.475) (layer F.SilkS) (width 0.15))
    (fp_line (start 1.15 -0.6) (end 1.15 0.6) (layer F.CrtYd) (width 0.05))
    (fp_line (start -1.15 -0.6) (end -1.15 0.6) (layer F.CrtYd) (width 0.05))
    (fp_line (start -1.15 0.6) (end 1.15 0.6) (layer F.CrtYd) (width 0.05))
    (fp_line (start -1.15 -0.6) (end 1.15 -0.6) (layer F.CrtYd) (width 0.05))
    (pad 2 smd rect (at 0.55 0 90) (size 0.6 0.5) (layers F.Cu F.Paste F.Mask)
      (net 10 "Net-(C213-Pad2)"))
    (pad 1 smd rect (at -0.55 0 90) (size 0.6 0.5) (layers F.Cu F.Paste F.Mask)
      (net 11 "Net-(C213-Pad1)"))
    (model Capacitors_SMD.3dshapes/C_0402.wrl
      (at (xyz 0 0 0))
      (scale (xyz 1 1 1))
      (rotate (xyz 0 0 0))
    )
  )

  (module Capacitors_SMD:C_0402 (layer F.Cu) (tedit 5415D599) (tstamp 5D622AB0)
    (at 151 105.5 90)
    (descr "Capacitor SMD 0402, reflow soldering, AVX (see smccp.pdf)")
    (tags "capacitor 0402")
    (path /5D61FE93/5D61113C)
    (attr smd)
    (fp_text reference C214 (at 0 -4.5 90) (layer F.SilkS)
      (effects (font (size 0.7 0.7) (thickness 0.15)))
    )
    (fp_text value "10 pF" (at 0 1.7 90) (layer F.Fab)
      (effects (font (size 1 1) (thickness 0.15)))
    )
    (fp_line (start -0.25 0.475) (end 0.25 0.475) (layer F.SilkS) (width 0.15))
    (fp_line (start 0.25 -0.475) (end -0.25 -0.475) (layer F.SilkS) (width 0.15))
    (fp_line (start 1.15 -0.6) (end 1.15 0.6) (layer F.CrtYd) (width 0.05))
    (fp_line (start -1.15 -0.6) (end -1.15 0.6) (layer F.CrtYd) (width 0.05))
    (fp_line (start -1.15 0.6) (end 1.15 0.6) (layer F.CrtYd) (width 0.05))
    (fp_line (start -1.15 -0.6) (end 1.15 -0.6) (layer F.CrtYd) (width 0.05))
    (pad 2 smd rect (at 0.55 0 90) (size 0.6 0.5) (layers F.Cu F.Paste F.Mask)
      (net 12 "Net-(C214-Pad2)"))
    (pad 1 smd rect (at -0.55 0 90) (size 0.6 0.5) (layers F.Cu F.Paste F.Mask)
      (net 13 "Net-(C214-Pad1)"))
    (model Capacitors_SMD.3dshapes/C_0402.wrl
      (at (xyz 0 0 0))
      (scale (xyz 1 1 1))
      (rotate (xyz 0 0 0))
    )
  )

  (module Capacitors_SMD:C_0402 (layer F.Cu) (tedit 5415D599) (tstamp 5D622777)
    (at 164 103 180)
    (descr "Capacitor SMD 0402, reflow soldering, AVX (see smccp.pdf)")
    (tags "capacitor 0402")
    (path /5D61FE93/5D66500F)
    (attr smd)
    (fp_text reference C215 (at -1.5 -1.5) (layer F.SilkS)
      (effects (font (size 0.7 0.7) (thickness 0.15)))
    )
    (fp_text value "100 pF" (at 0 1.7) (layer F.Fab)
      (effects (font (size 1 1) (thickness 0.15)))
    )
    (fp_line (start -1.15 -0.6) (end 1.15 -0.6) (layer F.CrtYd) (width 0.05))
    (fp_line (start -1.15 0.6) (end 1.15 0.6) (layer F.CrtYd) (width 0.05))
    (fp_line (start -1.15 -0.6) (end -1.15 0.6) (layer F.CrtYd) (width 0.05))
    (fp_line (start 1.15 -0.6) (end 1.15 0.6) (layer F.CrtYd) (width 0.05))
    (fp_line (start 0.25 -0.475) (end -0.25 -0.475) (layer F.SilkS) (width 0.15))
    (fp_line (start -0.25 0.475) (end 0.25 0.475) (layer F.SilkS) (width 0.15))
    (pad 1 smd rect (at -0.55 0 180) (size 0.6 0.5) (layers F.Cu F.Paste F.Mask)
      (net 2 GND))
    (pad 2 smd rect (at 0.55 0 180) (size 0.6 0.5) (layers F.Cu F.Paste F.Mask)
      (net 14 /amp_vc/VC_A_EN))
    (model Capacitors_SMD.3dshapes/C_0402.wrl
      (at (xyz 0 0 0))
      (scale (xyz 1 1 1))
      (rotate (xyz 0 0 0))
    )
  )

  (module Capacitors_SMD:C_0402 (layer F.Cu) (tedit 5415D599) (tstamp 5D6229C9)
    (at 164 117 180)
    (descr "Capacitor SMD 0402, reflow soldering, AVX (see smccp.pdf)")
    (tags "capacitor 0402")
    (path /5D61FE93/5D645B13)
    (attr smd)
    (fp_text reference C216 (at -0.5 -1.5) (layer F.SilkS)
      (effects (font (size 0.7 0.7) (thickness 0.15)))
    )
    (fp_text value "100 pF" (at 0 1.7) (layer F.Fab)
      (effects (font (size 1 1) (thickness 0.15)))
    )
    (fp_line (start -0.25 0.475) (end 0.25 0.475) (layer F.SilkS) (width 0.15))
    (fp_line (start 0.25 -0.475) (end -0.25 -0.475) (layer F.SilkS) (width 0.15))
    (fp_line (start 1.15 -0.6) (end 1.15 0.6) (layer F.CrtYd) (width 0.05))
    (fp_line (start -1.15 -0.6) (end -1.15 0.6) (layer F.CrtYd) (width 0.05))
    (fp_line (start -1.15 0.6) (end 1.15 0.6) (layer F.CrtYd) (width 0.05))
    (fp_line (start -1.15 -0.6) (end 1.15 -0.6) (layer F.CrtYd) (width 0.05))
    (pad 2 smd rect (at 0.55 0 180) (size 0.6 0.5) (layers F.Cu F.Paste F.Mask)
      (net 15 /amp_vc/VC_B_EN))
    (pad 1 smd rect (at -0.55 0 180) (size 0.6 0.5) (layers F.Cu F.Paste F.Mask)
      (net 2 GND))
    (model Capacitors_SMD.3dshapes/C_0402.wrl
      (at (xyz 0 0 0))
      (scale (xyz 1 1 1))
      (rotate (xyz 0 0 0))
    )
  )

  (module Capacitors_SMD:C_0402 (layer F.Cu) (tedit 5415D599) (tstamp 5D6229EA)
    (at 160 107)
    (descr "Capacitor SMD 0402, reflow soldering, AVX (see smccp.pdf)")
    (tags "capacitor 0402")
    (path /5D61FE93/5D68DAFC)
    (attr smd)
    (fp_text reference C217 (at 2.75 0) (layer F.SilkS)
      (effects (font (size 0.7 0.7) (thickness 0.15)))
    )
    (fp_text value "100 pF" (at 0 1.7) (layer F.Fab)
      (effects (font (size 1 1) (thickness 0.15)))
    )
    (fp_line (start -0.25 0.475) (end 0.25 0.475) (layer F.SilkS) (width 0.15))
    (fp_line (start 0.25 -0.475) (end -0.25 -0.475) (layer F.SilkS) (width 0.15))
    (fp_line (start 1.15 -0.6) (end 1.15 0.6) (layer F.CrtYd) (width 0.05))
    (fp_line (start -1.15 -0.6) (end -1.15 0.6) (layer F.CrtYd) (width 0.05))
    (fp_line (start -1.15 0.6) (end 1.15 0.6) (layer F.CrtYd) (width 0.05))
    (fp_line (start -1.15 -0.6) (end 1.15 -0.6) (layer F.CrtYd) (width 0.05))
    (pad 2 smd rect (at 0.55 0) (size 0.6 0.5) (layers F.Cu F.Paste F.Mask)
      (net 1 +5VP))
    (pad 1 smd rect (at -0.55 0) (size 0.6 0.5) (layers F.Cu F.Paste F.Mask)
      (net 2 GND))
    (model Capacitors_SMD.3dshapes/C_0402.wrl
      (at (xyz 0 0 0))
      (scale (xyz 1 1 1))
      (rotate (xyz 0 0 0))
    )
  )

  (module Capacitors_SMD:C_0402 (layer F.Cu) (tedit 5415D599) (tstamp 5D622A4D)
    (at 160 105.5)
    (descr "Capacitor SMD 0402, reflow soldering, AVX (see smccp.pdf)")
    (tags "capacitor 0402")
    (path /5D61FE93/5D68DAF6)
    (attr smd)
    (fp_text reference C218 (at -0.25 -1.5) (layer F.SilkS)
      (effects (font (size 0.7 0.7) (thickness 0.15)))
    )
    (fp_text value "100 nF" (at 0 1.7) (layer F.Fab)
      (effects (font (size 1 1) (thickness 0.15)))
    )
    (fp_line (start -1.15 -0.6) (end 1.15 -0.6) (layer F.CrtYd) (width 0.05))
    (fp_line (start -1.15 0.6) (end 1.15 0.6) (layer F.CrtYd) (width 0.05))
    (fp_line (start -1.15 -0.6) (end -1.15 0.6) (layer F.CrtYd) (width 0.05))
    (fp_line (start 1.15 -0.6) (end 1.15 0.6) (layer F.CrtYd) (width 0.05))
    (fp_line (start 0.25 -0.475) (end -0.25 -0.475) (layer F.SilkS) (width 0.15))
    (fp_line (start -0.25 0.475) (end 0.25 0.475) (layer F.SilkS) (width 0.15))
    (pad 1 smd rect (at -0.55 0) (size 0.6 0.5) (layers F.Cu F.Paste F.Mask)
      (net 2 GND))
    (pad 2 smd rect (at 0.55 0) (size 0.6 0.5) (layers F.Cu F.Paste F.Mask)
      (net 1 +5VP))
    (model Capacitors_SMD.3dshapes/C_0402.wrl
      (at (xyz 0 0 0))
      (scale (xyz 1 1 1))
      (rotate (xyz 0 0 0))
    )
  )

  (module Pin_Headers:Pin_Header_Straight_1x06 (layer F.Cu) (tedit 0) (tstamp 5D624E2B)
    (at 130 115.66 180)
    (descr "Through hole pin header")
    (tags "pin header")
    (path /5D621021)
    (fp_text reference J101 (at 0.5 -2.84) (layer F.SilkS)
      (effects (font (size 0.7 0.7) (thickness 0.15)))
    )
    (fp_text value Conn_01x06 (at 0 -3.1) (layer F.Fab)
      (effects (font (size 1 1) (thickness 0.15)))
    )
    (fp_line (start -1.75 -1.75) (end -1.75 14.45) (layer F.CrtYd) (width 0.05))
    (fp_line (start 1.75 -1.75) (end 1.75 14.45) (layer F.CrtYd) (width 0.05))
    (fp_line (start -1.75 -1.75) (end 1.75 -1.75) (layer F.CrtYd) (width 0.05))
    (fp_line (start -1.75 14.45) (end 1.75 14.45) (layer F.CrtYd) (width 0.05))
    (fp_line (start 1.27 1.27) (end 1.27 13.97) (layer F.SilkS) (width 0.15))
    (fp_line (start 1.27 13.97) (end -1.27 13.97) (layer F.SilkS) (width 0.15))
    (fp_line (start -1.27 13.97) (end -1.27 1.27) (layer F.SilkS) (width 0.15))
    (fp_line (start 1.55 -1.55) (end 1.55 0) (layer F.SilkS) (width 0.15))
    (fp_line (start 1.27 1.27) (end -1.27 1.27) (layer F.SilkS) (width 0.15))
    (fp_line (start -1.55 0) (end -1.55 -1.55) (layer F.SilkS) (width 0.15))
    (fp_line (start -1.55 -1.55) (end 1.55 -1.55) (layer F.SilkS) (width 0.15))
    (pad 1 thru_hole rect (at 0 0 180) (size 2.032 1.7272) (drill 1.016) (layers *.Cu *.Mask F.SilkS)
      (net 3 /amp_vc/AMP_DIN))
    (pad 2 thru_hole oval (at 0 2.54 180) (size 2.032 1.7272) (drill 1.016) (layers *.Cu *.Mask F.SilkS)
      (net 4 /amp_vc/AMP_SCLK))
    (pad 3 thru_hole oval (at 0 5.08 180) (size 2.032 1.7272) (drill 1.016) (layers *.Cu *.Mask F.SilkS)
      (net 5 /amp_vc/AMP_~SYNC))
    (pad 4 thru_hole oval (at 0 7.62 180) (size 2.032 1.7272) (drill 1.016) (layers *.Cu *.Mask F.SilkS)
      (net 6 /amp_vc/AMP_~CLR))
    (pad 5 thru_hole oval (at 0 10.16 180) (size 2.032 1.7272) (drill 1.016) (layers *.Cu *.Mask F.SilkS)
      (net 7 /amp_vc/AMP_~LDAC))
    (pad 6 thru_hole oval (at 0 12.7 180) (size 2.032 1.7272) (drill 1.016) (layers *.Cu *.Mask F.SilkS)
      (net 2 GND))
    (model Pin_Headers.3dshapes/Pin_Header_Straight_1x06.wrl
      (offset (xyz 0 -6.349999904632568 0))
      (scale (xyz 1 1 1))
      (rotate (xyz 0 0 90))
    )
  )

  (module vna_footprints:TURRET_MILLMAX_2101 (layer F.Cu) (tedit 5ACECEFF) (tstamp 5D621BF5)
    (at 167 121)
    (path /5D62DFDA)
    (fp_text reference J104 (at 3.5 0.5) (layer F.SilkS)
      (effects (font (size 0.7 0.7) (thickness 0.15)))
    )
    (fp_text value Conn_01x01 (at 0 -3.3) (layer F.Fab)
      (effects (font (size 1 1) (thickness 0.15)))
    )
    (pad 1 thru_hole circle (at 0 0) (size 2 2) (drill 1.35) (layers *.Cu *.Mask)
      (net 2 GND))
  )

  (module vna_footprints:TURRET_MILLMAX_2101 (layer F.Cu) (tedit 5ACECEFF) (tstamp 5D621BFA)
    (at 161 121)
    (path /5D63396F)
    (fp_text reference J105 (at 2.25 1.25) (layer F.SilkS)
      (effects (font (size 0.7 0.7) (thickness 0.15)))
    )
    (fp_text value Conn_01x01 (at 0 -3.3) (layer F.Fab)
      (effects (font (size 1 1) (thickness 0.15)))
    )
    (pad 1 thru_hole circle (at 0 0) (size 2 2) (drill 1.35) (layers *.Cu *.Mask)
      (net 8 -5V))
  )

  (module Pin_Headers:Pin_Header_Straight_1x03 (layer F.Cu) (tedit 0) (tstamp 5D621C0C)
    (at 167 113.04 180)
    (descr "Through hole pin header")
    (tags "pin header")
    (path /5D62463A)
    (fp_text reference J106 (at 0 -2.96) (layer F.SilkS)
      (effects (font (size 0.7 0.7) (thickness 0.15)))
    )
    (fp_text value Conn_01x03 (at 0 -3.1) (layer F.Fab)
      (effects (font (size 1 1) (thickness 0.15)))
    )
    (fp_line (start -1.75 -1.75) (end -1.75 6.85) (layer F.CrtYd) (width 0.05))
    (fp_line (start 1.75 -1.75) (end 1.75 6.85) (layer F.CrtYd) (width 0.05))
    (fp_line (start -1.75 -1.75) (end 1.75 -1.75) (layer F.CrtYd) (width 0.05))
    (fp_line (start -1.75 6.85) (end 1.75 6.85) (layer F.CrtYd) (width 0.05))
    (fp_line (start -1.27 1.27) (end -1.27 6.35) (layer F.SilkS) (width 0.15))
    (fp_line (start -1.27 6.35) (end 1.27 6.35) (layer F.SilkS) (width 0.15))
    (fp_line (start 1.27 6.35) (end 1.27 1.27) (layer F.SilkS) (width 0.15))
    (fp_line (start 1.55 -1.55) (end 1.55 0) (layer F.SilkS) (width 0.15))
    (fp_line (start 1.27 1.27) (end -1.27 1.27) (layer F.SilkS) (width 0.15))
    (fp_line (start -1.55 0) (end -1.55 -1.55) (layer F.SilkS) (width 0.15))
    (fp_line (start -1.55 -1.55) (end 1.55 -1.55) (layer F.SilkS) (width 0.15))
    (pad 1 thru_hole rect (at 0 0 180) (size 2.032 1.7272) (drill 1.016) (layers *.Cu *.Mask F.SilkS)
      (net 16 /amp_vc/AMP_VC_OUT_A))
    (pad 2 thru_hole oval (at 0 2.54 180) (size 2.032 1.7272) (drill 1.016) (layers *.Cu *.Mask F.SilkS)
      (net 2 GND))
    (pad 3 thru_hole oval (at 0 5.08 180) (size 2.032 1.7272) (drill 1.016) (layers *.Cu *.Mask F.SilkS)
      (net 17 /amp_vc/AMP_VC_OUT_B))
    (model Pin_Headers.3dshapes/Pin_Header_Straight_1x03.wrl
      (offset (xyz 0 -2.539999961853027 0))
      (scale (xyz 1 1 1))
      (rotate (xyz 0 0 90))
    )
  )

  (module vna_footprints:732512200_SMA (layer F.Cu) (tedit 5D181B8F) (tstamp 5D6221F3)
    (at 173.5 115 180)
    (path /5D62644A)
    (fp_text reference J107 (at 3 -5) (layer F.SilkS)
      (effects (font (size 0.7 0.7) (thickness 0.2)))
    )
    (fp_text value Conn_Coaxial (at -6 -6) (layer F.Fab)
      (effects (font (size 0.7 0.7) (thickness 0.2)))
    )
    (fp_line (start -3.81 -3.81) (end 3.81 -3.81) (layer F.SilkS) (width 0.15))
    (fp_line (start 3.81 -3.81) (end 3.81 3.81) (layer F.SilkS) (width 0.15))
    (fp_line (start 3.81 3.81) (end -3.81 3.81) (layer F.SilkS) (width 0.15))
    (fp_line (start -4.318 -3.81) (end -3.81 -3.81) (layer F.SilkS) (width 0.15))
    (fp_line (start -4.318 -3.81) (end -4.318 3.81) (layer F.SilkS) (width 0.15))
    (fp_line (start -4.318 3.81) (end -3.81 3.81) (layer F.SilkS) (width 0.15))
    (fp_line (start -4.064 3.81) (end -4.064 -3.81) (layer F.SilkS) (width 0.15))
    (pad 2 thru_hole circle (at 2.54 2.54 180) (size 2 2) (drill 1.5) (layers *.Cu *.Mask)
      (net 2 GND))
    (pad 2 thru_hole circle (at 2.54 -2.54 180) (size 2 2) (drill 1.5) (layers *.Cu *.Mask)
      (net 2 GND))
    (pad 2 thru_hole circle (at -2.54 -2.54 180) (size 2 2) (drill 1.5) (layers *.Cu *.Mask)
      (net 2 GND))
    (pad 2 thru_hole circle (at -2.54 2.54 180) (size 2 2) (drill 1.5) (layers *.Cu *.Mask)
      (net 2 GND))
    (pad 1 thru_hole circle (at 0 0 180) (size 2 2) (drill 1.5) (layers *.Cu *.Mask)
      (net 16 /amp_vc/AMP_VC_OUT_A))
  )

  (module vna_footprints:732512200_SMA (layer F.Cu) (tedit 5D181B8F) (tstamp 5D621C2C)
    (at 173.5 106 180)
    (path /5D626C36)
    (fp_text reference J108 (at 4.5 3 90) (layer F.SilkS)
      (effects (font (size 0.7 0.7) (thickness 0.2)))
    )
    (fp_text value Conn_Coaxial (at -6 -6) (layer F.Fab)
      (effects (font (size 0.7 0.7) (thickness 0.2)))
    )
    (fp_line (start -4.064 3.81) (end -4.064 -3.81) (layer F.SilkS) (width 0.15))
    (fp_line (start -4.318 3.81) (end -3.81 3.81) (layer F.SilkS) (width 0.15))
    (fp_line (start -4.318 -3.81) (end -4.318 3.81) (layer F.SilkS) (width 0.15))
    (fp_line (start -4.318 -3.81) (end -3.81 -3.81) (layer F.SilkS) (width 0.15))
    (fp_line (start 3.81 3.81) (end -3.81 3.81) (layer F.SilkS) (width 0.15))
    (fp_line (start 3.81 -3.81) (end 3.81 3.81) (layer F.SilkS) (width 0.15))
    (fp_line (start -3.81 -3.81) (end 3.81 -3.81) (layer F.SilkS) (width 0.15))
    (pad 1 thru_hole circle (at 0 0 180) (size 2 2) (drill 1.5) (layers *.Cu *.Mask)
      (net 17 /amp_vc/AMP_VC_OUT_B))
    (pad 2 thru_hole circle (at -2.54 2.54 180) (size 2 2) (drill 1.5) (layers *.Cu *.Mask)
      (net 2 GND))
    (pad 2 thru_hole circle (at -2.54 -2.54 180) (size 2 2) (drill 1.5) (layers *.Cu *.Mask)
      (net 2 GND))
    (pad 2 thru_hole circle (at 2.54 -2.54 180) (size 2 2) (drill 1.5) (layers *.Cu *.Mask)
      (net 2 GND))
    (pad 2 thru_hole circle (at 2.54 2.54 180) (size 2 2) (drill 1.5) (layers *.Cu *.Mask)
      (net 2 GND))
  )

  (module vna_footprints:TURRET_MILLMAX_2101 (layer F.Cu) (tedit 5ACECEFF) (tstamp 5D6253A2)
    (at 147 102)
    (path /5D63B155)
    (fp_text reference J109 (at -2 2.75 90) (layer F.SilkS)
      (effects (font (size 0.7 0.7) (thickness 0.15)))
    )
    (fp_text value Conn_01x01 (at 0 -3.3) (layer F.Fab)
      (effects (font (size 1 1) (thickness 0.15)))
    )
    (pad 1 thru_hole circle (at 0 0) (size 2 2) (drill 1.35) (layers *.Cu *.Mask)
      (net 2 GND))
  )

  (module Resistors_SMD:R_0402 (layer F.Cu) (tedit 5415CBB8) (tstamp 5D62281C)
    (at 134.5 105.5 180)
    (descr "Resistor SMD 0402, reflow soldering, Vishay (see dcrcw.pdf)")
    (tags "resistor 0402")
    (path /5D61FE93/5D8FB35C)
    (attr smd)
    (fp_text reference R201 (at -2.5 0) (layer F.SilkS)
      (effects (font (size 0.7 0.7) (thickness 0.15)))
    )
    (fp_text value 22 (at 0 1.8) (layer F.Fab)
      (effects (font (size 1 1) (thickness 0.15)))
    )
    (fp_line (start -0.95 -0.65) (end 0.95 -0.65) (layer F.CrtYd) (width 0.05))
    (fp_line (start -0.95 0.65) (end 0.95 0.65) (layer F.CrtYd) (width 0.05))
    (fp_line (start -0.95 -0.65) (end -0.95 0.65) (layer F.CrtYd) (width 0.05))
    (fp_line (start 0.95 -0.65) (end 0.95 0.65) (layer F.CrtYd) (width 0.05))
    (fp_line (start 0.25 -0.525) (end -0.25 -0.525) (layer F.SilkS) (width 0.15))
    (fp_line (start -0.25 0.525) (end 0.25 0.525) (layer F.SilkS) (width 0.15))
    (pad 1 smd rect (at -0.45 0 180) (size 0.4 0.6) (layers F.Cu F.Paste F.Mask)
      (net 18 "Net-(R201-Pad1)"))
    (pad 2 smd rect (at 0.45 0 180) (size 0.4 0.6) (layers F.Cu F.Paste F.Mask)
      (net 7 /amp_vc/AMP_~LDAC))
    (model Resistors_SMD.3dshapes/R_0402.wrl
      (at (xyz 0 0 0))
      (scale (xyz 1 1 1))
      (rotate (xyz 0 0 0))
    )
  )

